Example program for rho-mu library.
Copyright (C) 2017-2022 Vincent A. Cicirello
This program comes with ABSOLUTELY NO WARRANTY.  This is free
software, and you are welcome to redistribute it under certain
conditions.  See the GNU General Public License for more
details: https://www.gnu.org/licenses/gpl-3.0.html

 Bound	       TLR	    BIASED	         t	       dof
     1	 0.0326563	 0.0006250	   41.6097	       135
     2	 0.0026563	 0.0026563	    0.0000	       196
     3	 0.1295313	 0.0026563	   57.9016	       158
     4	 0.0393750	 0.0009375	   44.2478	       141
     5	 0.1312500	 0.0006250	  125.6286	       117
     6	 0.1303125	 0.0009375	  137.1560	       134
     7	 0.1293750	 0.0012500	  150.1666	       158
     8	 0.0392188	 0.0007813	   44.8830	       135
     9	 0.1276563	 0.0010938	  150.6495	       152
    10	 0.1281250	 0.0010938	  170.4984	       168
    11	 0.1287500	 0.0006250	  148.7622	       127
    12	 0.1275000	 0.0010938	  180.2165	       176
    13	 0.1276563	 0.0009375	  181.5745	       167
    14	 0.1275000	 0.0010938	  180.2165	       176
    15	 0.1276563	 0.0009375	  181.5745	       167
    16	 0.0390625	 0.0007813	   44.6931	       135
    17	 0.1259375	 0.0007813	  247.2534	       196
    18	 0.1256250	 0.0010938	  225.6537	       197
    19	 0.1257813	 0.0009375	  246.6361	       196
    20	 0.1259375	 0.0007813	  247.2534	       196
    21	 0.1260938	 0.0007813	  237.8060	       193
    22	 0.1259375	 0.0007813	  247.2534	       196
    23	 0.1254688	 0.0009375	  223.8484	       195
    24	 0.1254688	 0.0010938	  234.3676	       194
    25	 0.1257813	 0.0007813	  234.7246	       192
    26	 0.1259375	 0.0009375	  237.0026	       198
    27	 0.1251563	 0.0014063	  235.6795	       162
    28	 0.1262500	 0.0004688	  249.9357	       166
    29	 0.1253125	 0.0014063	  226.3615	       176
    30	 0.1262500	 0.0007813	  229.5943	       189
    31	 0.1257813	 0.0003125	  195.4542	       124
    32	 0.0395313	 0.0004688	   47.1606	       121
    33	 0.1239063	 0.0012500	  209.7244	       197
    34	 0.1240625	 0.0010938	  224.6488	       196
    35	 0.1237500	 0.0010938	  209.7244	       197
    36	 0.1239063	 0.0015625	  186.1814	       197
    37	 0.1250000	 0.0000000	  Infinity	         0
    38	 0.1237500	 0.0012500	  203.3198	       198
    39	 0.1242188	 0.0010938	  215.3139	       197
    40	 0.1239063	 0.0012500	  209.7244	       197
    41	 0.1237500	 0.0014063	  197.5669	       197
    42	 0.1248438	 0.0000000	  799.0000	        99
    43	 0.1239063	 0.0009375	  224.6488	       196
    44	 0.1239063	 0.0010938	  216.7378	       197
    45	 0.1248438	 0.0003125	  461.7054	       178
    46	 0.1237500	 0.0010938	  209.7244	       197
    47	 0.1250000	 0.0000000	  Infinity	         0
    48	 0.1242188	 0.0007813	  255.0251	       198
    49	 0.1231250	 0.0020313	  164.8902	       197
    50	 0.1242188	 0.0006250	  268.5329	       195
    51	 0.1231250	 0.0018750	  168.0089	       198
    52	 0.1250000	 0.0000000	  562.8499	        99
    53	 0.1237500	 0.0012500	  190.7724	       195
    54	 0.1250000	 0.0001563	  799.0000	        99
    55	 0.1250000	 0.0001563	  799.0000	        99
    56	 0.1239063	 0.0009375	  224.6488	       196
    57	 0.1237500	 0.0014063	  197.5669	       197
    58	 0.1250000	 0.0000000	  Infinity	         0
    59	 0.1248438	 0.0003125	  461.7054	       178
    60	 0.1250000	 0.0001563	  799.0000	        99
    61	 0.1250000	 0.0001563	  799.0000	        99
    62	 0.1243750	 0.0007813	  268.5329	       195
    63	 0.1239063	 0.0009375	  224.6488	       196
    64	 0.0387500	 0.0012500	   42.0042	       152
    65	 0.1223438	 0.0007813	  178.2487	       158
    66	 0.1218750	 0.0010938	  162.1098	       168
    67	 0.1223438	 0.0006250	  182.9460	       149
    68	 0.1225000	 0.0003125	  186.5304	       123
    69	 0.1221875	 0.0009375	  163.1381	       158
    70	 0.1225000	 0.0007813	  181.7351	       161
    71	 0.1221875	 0.0009375	  170.9481	       165
    72	 0.1217188	 0.0014063	  153.9068	       177
    73	 0.1220313	 0.0009375	  168.1511	       162
    74	 0.1223438	 0.0009375	  173.9623	       167
    75	 0.1218750	 0.0014063	  155.9747	       179
    76	 0.1223438	 0.0007813	  178.2487	       158
    77	 0.1221875	 0.0007813	  175.0290	       156
    78	 0.1225000	 0.0006250	  186.6983	       151
    79	 0.1221875	 0.0010938	  167.1997	       172
    80	 0.1223438	 0.0009375	  173.9623	       167
    81	 0.1218750	 0.0009375	  165.5503	       161
    82	 0.1223438	 0.0007813	  178.2487	       158
    83	 0.1228125	 0.0004688	  201.4924	       144
    84	 0.1223438	 0.0009375	  173.9623	       167
    85	 0.1217188	 0.0012500	  156.7542	       172
    86	 0.1235938	 0.0007813	  136.2631	       131
    87	 0.1237500	 0.0007813	  134.0761	       130
    88	 0.1223438	 0.0009375	  146.7598	       146
    89	 0.1221875	 0.0010938	  159.8531	       165
    90	 0.1221875	 0.0009375	  163.1381	       158
    91	 0.1226563	 0.0006250	  190.7855	       153
    92	 0.1226563	 0.0006250	  190.7855	       153
    93	 0.1225000	 0.0007813	  181.7351	       161
    94	 0.1221875	 0.0010938	  167.1997	       172
    95	 0.1218750	 0.0010938	  155.3551	       162
    96	 0.1220313	 0.0009375	  168.1511	       162
    97	 0.1225000	 0.0007813	  181.7351	       161
    98	 0.1228125	 0.0003125	  208.4825	       130
    99	 0.1220313	 0.0010938	  164.5646	       170
   100	 0.1221875	 0.0010938	  167.1997	       172
   101	 0.1218750	 0.0012500	  158.9273	       174
   102	 0.1221875	 0.0010938	  167.1997	       172
   103	 0.1221875	 0.0009375	  170.9481	       165
   104	 0.1226563	 0.0006250	  171.2539	       142
   105	 0.1221875	 0.0009375	  170.9481	       165
   106	 0.1223438	 0.0007813	  178.2487	       158
   107	 0.1225000	 0.0006250	  186.6983	       151
   108	 0.1218750	 0.0012500	  158.9273	       174
   109	 0.1225000	 0.0009375	  177.2181	       169
   110	 0.1220313	 0.0009375	  168.1511	       162
   111	 0.1225000	 0.0004688	  192.1807	       139
   112	 0.1221875	 0.0010938	  167.1997	       172
   113	 0.1220313	 0.0010938	  164.5646	       170
   114	 0.1220313	 0.0010938	  164.5646	       170
   115	 0.1226563	 0.0006250	  190.7855	       153
   116	 0.1223438	 0.0009375	  173.9623	       167
   117	 0.1220313	 0.0012500	  161.2525	       176
   118	 0.1221875	 0.0009375	  170.9481	       165
   119	 0.1223438	 0.0009375	  173.9623	       167
   120	 0.1221875	 0.0009375	  170.9481	       165
   121	 0.1218750	 0.0012500	  158.9273	       174
   122	 0.1218750	 0.0010938	  162.1098	       168
   123	 0.1221875	 0.0010938	  167.1997	       172
   124	 0.1221875	 0.0010938	  167.1997	       172
   125	 0.1218750	 0.0012500	  158.9273	       174
   126	 0.1223438	 0.0006250	  182.9460	       149
   127	 0.1225000	 0.0007813	  181.7351	       161
   128	 0.0389063	 0.0010938	   42.9020	       147
   129	 0.1206250	 0.0009375	  150.0502	       150
   130	 0.1207813	 0.0010938	  148.8436	       157
   131	 0.1204688	 0.0012500	  143.5989	       161
   132	 0.1210938	 0.0007813	  158.0427	       146
   133	 0.1212500	 0.0007813	  153.4578	       143
   134	 0.1207813	 0.0010938	  148.8436	       157
   135	 0.1201563	 0.0015625	  136.9916	       169
   136	 0.1203125	 0.0015625	  138.0609	       170
   137	 0.1206250	 0.0012500	  144.9061	       162
   138	 0.1210938	 0.0009375	  154.9309	       153
   139	 0.1212500	 0.0003125	  171.3495	       120
   140	 0.1201563	 0.0017188	  135.0668	       173
   141	 0.1206250	 0.0012500	  144.9061	       162
   142	 0.1226563	 0.0003125	  156.7267	       115
   143	 0.1218750	 0.0009375	  165.5503	       161
   144	 0.1204688	 0.0015625	  139.1970	       171
   145	 0.1206250	 0.0010938	  147.3898	       156
   146	 0.1214063	 0.0009375	  158.7554	       156
   147	 0.1214063	 0.0012500	  125.6703	       145
   148	 0.1214063	 0.0009375	  152.3642	       151
   149	 0.1206250	 0.0012500	  144.9061	       162
   150	 0.1217188	 0.0014063	  153.9068	       177
   151	 0.1218750	 0.0007813	  139.0582	       134
   152	 0.1214063	 0.0007813	  155.3126	       144
   153	 0.1212500	 0.0006250	  163.4690	       138
   154	 0.1214063	 0.0004688	  169.5955	       130
   155	 0.1204688	 0.0015625	  139.1970	       171
   156	 0.1210938	 0.0004688	  165.0463	       129
   157	 0.1212500	 0.0006250	  163.4690	       138
   158	 0.1210938	 0.0004688	  165.0463	       129
   159	 0.1214063	 0.0004688	  169.5955	       130
   160	 0.1212500	 0.0004688	  167.2407	       129
   161	 0.1206250	 0.0012500	  144.9061	       162
   162	 0.1218750	 0.0001563	  188.0435	       111
   163	 0.1201563	 0.0014063	  134.5628	       160
   164	 0.1210938	 0.0009375	  154.9309	       153
   165	 0.1215625	 0.0003125	  176.5775	       121
   166	 0.1201563	 0.0014063	  139.0375	       165
   167	 0.1198438	 0.0020313	  129.7734	       179
   168	 0.1214063	 0.0004688	  169.5955	       130
   169	 0.1212500	 0.0006250	  163.4690	       138
   170	 0.1206250	 0.0012500	  144.9061	       162
   171	 0.1217188	 0.0003125	  170.5425	       119
   172	 0.1203125	 0.0015625	  138.0609	       170
   173	 0.1207813	 0.0010938	  148.8436	       157
   174	 0.1217188	 0.0003125	  179.5009	       122
   175	 0.1210938	 0.0007813	  158.0427	       146
   176	 0.1206250	 0.0012500	  144.9061	       162
   177	 0.1215625	 0.0003125	  176.5775	       121
   178	 0.1193750	 0.0023438	  124.5715	       182
   179	 0.1206250	 0.0012500	  144.9061	       162
   180	 0.1203125	 0.0015625	  138.0609	       170
   181	 0.1214063	 0.0003125	  173.8670	       120
   182	 0.1215625	 0.0003125	  176.5775	       121
   183	 0.1212500	 0.0006250	  163.4690	       138
   184	 0.1212500	 0.0004688	  167.2407	       129
   185	 0.1209375	 0.0007813	  156.2172	       145
   186	 0.1209375	 0.0009375	  153.1982	       152
   187	 0.1210938	 0.0007813	  158.0427	       146
   188	 0.1214063	 0.0006250	  165.6813	       140
   189	 0.1217188	 0.0001563	  184.6238	       110
   190	 0.1207813	 0.0010938	  148.8436	       157
   191	 0.1204688	 0.0014063	  141.3277	       166
   192	 0.1212500	 0.0006250	  163.4690	       138
   193	 0.1204688	 0.0014063	  136.6590	       162
   194	 0.1212500	 0.0006250	  163.4690	       138
   195	 0.1210938	 0.0007813	  158.0427	       146
   196	 0.1207813	 0.0010938	  148.8436	       157
   197	 0.1207813	 0.0010938	  148.8436	       157
   198	 0.1214063	 0.0004688	  169.5955	       130
   199	 0.1214063	 0.0004688	  169.5955	       130
   200	 0.1210938	 0.0006250	  161.4038	       137
   201	 0.1215625	 0.0006250	  168.0540	       141
   202	 0.1200000	 0.0018750	  132.3134	       176
   203	 0.1214063	 0.0004688	  169.5955	       130
   204	 0.1206250	 0.0012500	  144.9061	       162
   205	 0.1212500	 0.0006250	  163.4690	       138
   206	 0.1207813	 0.0012500	  146.2968	       163
   207	 0.1209375	 0.0009375	  153.1982	       152
   208	 0.1210938	 0.0014063	  122.1373	       148
   209	 0.1204688	 0.0014063	  141.3277	       166
   210	 0.1214063	 0.0006250	  165.6813	       140
   211	 0.1212500	 0.0004688	  167.2407	       129
   212	 0.1207813	 0.0009375	  151.5737	       151
   213	 0.1209375	 0.0009375	  153.1982	       152
   214	 0.1200000	 0.0015625	  131.7695	       164
   215	 0.1212500	 0.0007813	  159.9936	       147
   216	 0.1217188	 0.0001563	  184.6238	       110
   217	 0.1210938	 0.0009375	  154.9309	       153
   218	 0.1214063	 0.0009375	  146.6876	       147
   219	 0.1229688	 0.0006250	  131.4065	       122
   220	 0.1214063	 0.0014063	  131.2439	       156
   221	 0.1210938	 0.0010938	  152.0415	       160
   222	 0.1206250	 0.0010938	  142.1560	       152
   223	 0.1209375	 0.0009375	  153.1982	       152
   224	 0.1204688	 0.0014063	  141.3277	       166
   225	 0.1214063	 0.0004688	  161.9244	       127
   226	 0.1207813	 0.0007813	  154.5079	       144
   227	 0.1215625	 0.0001563	  181.4681	       110
   228	 0.1212500	 0.0007813	  159.9936	       147
   229	 0.1210938	 0.0006250	  161.4038	       137
   230	 0.1207813	 0.0010938	  148.8436	       157
   231	 0.1210938	 0.0007813	  158.0427	       146
   232	 0.1214063	 0.0004688	  169.5955	       130
   233	 0.1209375	 0.0009375	  153.1982	       152
   234	 0.1210938	 0.0007813	  158.0427	       146
   235	 0.1207813	 0.0010938	  148.8436	       157
   236	 0.1203125	 0.0015625	  138.0609	       170
   237	 0.1212500	 0.0007813	  159.9936	       147
   238	 0.1206250	 0.0012500	  144.9061	       162
   239	 0.1210938	 0.0007813	  158.0427	       146
   240	 0.1204688	 0.0012500	  138.7215	       157
   241	 0.1204688	 0.0012500	  143.5989	       161
   242	 0.1218750	 0.0001563	  188.0435	       111
   243	 0.1209375	 0.0009375	  153.1982	       152
   244	 0.1217188	 0.0001563	  184.6238	       110
   245	 0.1203125	 0.0014063	  140.1475	       166
   246	 0.1210938	 0.0009375	  154.9309	       153
   247	 0.1207813	 0.0009375	  151.5737	       151
   248	 0.1214063	 0.0003125	  173.8670	       120
   249	 0.1204688	 0.0014063	  132.4244	       158
   250	 0.1214063	 0.0007813	  149.3276	       140
   251	 0.1207813	 0.0012500	  146.2968	       163
   252	 0.1217188	 0.0004688	  166.5176	       129
   253	 0.1204688	 0.0014063	  141.3277	       166
   254	 0.1212500	 0.0006250	  163.4690	       138
   255	 0.1198438	 0.0018750	  131.4286	       176
   256	 0.0392188	 0.0007813	   44.8830	       135
   257	 0.1203125	 0.0003125	  159.4751	       117
   258	 0.1195313	 0.0010938	  139.4279	       151
   259	 0.1198438	 0.0006250	  149.0299	       132
   260	 0.1195313	 0.0009375	  141.7349	       145
   261	 0.1196875	 0.0009375	  142.7028	       145
   262	 0.1195313	 0.0010938	  139.4279	       151
   263	 0.1196875	 0.0009375	  142.7028	       145
   264	 0.1200000	 0.0006250	  150.2419	       132
   265	 0.1200000	 0.0006250	  150.2419	       132
   266	 0.1195313	 0.0009375	  141.7349	       145
   267	 0.1200000	 0.0006250	  150.2419	       132
   268	 0.1196875	 0.0007813	  145.2104	       139
   269	 0.1195313	 0.0010938	  139.4279	       151
   270	 0.1198438	 0.0007813	  146.2917	       139
   271	 0.1198438	 0.0004688	  151.9733	       124
   272	 0.1195313	 0.0009375	  136.9916	       141
   273	 0.1193750	 0.0010938	  134.0954	       147
   274	 0.1198438	 0.0006250	  149.0299	       132
   275	 0.1200000	 0.0006250	  150.2419	       132
   276	 0.1193750	 0.0010938	  138.5590	       150
   277	 0.1200000	 0.0006250	  150.2419	       132
   278	 0.1196875	 0.0007813	  140.1475	       136
   279	 0.1196875	 0.0007813	  145.2104	       139
   280	 0.1196875	 0.0009375	  142.7028	       145
   281	 0.1198438	 0.0006250	  149.0299	       132
   282	 0.1195313	 0.0010938	  139.4279	       151
   283	 0.1190625	 0.0014063	  132.9660	       160
   284	 0.1195313	 0.0010938	  139.4279	       151
   285	 0.1195313	 0.0010938	  139.4279	       151
   286	 0.1193750	 0.0007813	  138.3643	       135
   287	 0.1198438	 0.0009375	  143.7377	       146
   288	 0.1193750	 0.0007813	  138.3643	       135
   289	 0.1198438	 0.0007813	  146.2917	       139
   290	 0.1196875	 0.0007813	  140.1475	       136
   291	 0.1192188	 0.0012500	  131.4286	       152
   292	 0.1196875	 0.0007813	  145.2104	       139
   293	 0.1200000	 0.0004688	  153.2479	       125
   294	 0.1200000	 0.0004688	  153.2479	       125
   295	 0.1192188	 0.0012500	  135.6462	       155
   296	 0.1189063	 0.0014063	  128.3582	       156
   297	 0.1192188	 0.0014063	  133.6699	       160
   298	 0.1200000	 0.0006250	  150.2419	       132
   299	 0.1190625	 0.0014063	  132.9660	       160
   300	 0.1195313	 0.0009375	  136.9916	       141
   301	 0.1195313	 0.0010938	  139.4279	       151
   302	 0.1200000	 0.0004688	  153.2479	       125
   303	 0.1212500	 0.0007813	  133.5614	       131
   304	 0.1201563	 0.0009375	  146.0223	       147
   305	 0.1207813	 0.0006250	  157.6698	       136
   306	 0.1195313	 0.0007813	  139.2259	       135
   307	 0.1200000	 0.0009375	  139.8295	       143
   308	 0.1192188	 0.0014063	  133.6699	       160
   309	 0.1198438	 0.0006250	  149.0299	       132
   310	 0.1200000	 0.0006250	  150.2419	       132
   311	 0.1200000	 0.0006250	  150.2419	       132
   312	 0.1200000	 0.0006250	  150.2419	       132
   313	 0.1198438	 0.0007813	  146.2917	       139
   314	 0.1195313	 0.0010938	  139.4279	       151
   315	 0.1190625	 0.0015625	  131.1273	       165
   316	 0.1198438	 0.0006250	  149.0299	       132
   317	 0.1200000	 0.0003125	  156.4909	       116
   318	 0.1198438	 0.0007813	  146.2917	       139
   319	 0.1192188	 0.0012500	  135.6462	       155
   320	 0.1196875	 0.0009375	  142.7028	       145
   321	 0.1200000	 0.0006250	  150.2419	       132
   322	 0.1192188	 0.0014063	  133.6699	       160
   323	 0.1195313	 0.0010938	  139.4279	       151
   324	 0.1198438	 0.0007813	  146.2917	       139
   325	 0.1195313	 0.0009375	  141.7349	       145
   326	 0.1198438	 0.0007813	  146.2917	       139
   327	 0.1192188	 0.0015625	  131.8087	       165
   328	 0.1189063	 0.0015625	  130.4929	       164
   329	 0.1196875	 0.0007813	  140.1475	       136
   330	 0.1195313	 0.0009375	  141.7349	       145
   331	 0.1196875	 0.0007813	  140.1475	       136
   332	 0.1200000	 0.0006250	  150.2419	       132
   333	 0.1198438	 0.0007813	  146.2917	       139
   334	 0.1193750	 0.0010938	  138.5590	       150
   335	 0.1200000	 0.0006250	  150.2419	       132
   336	 0.1193750	 0.0010938	  138.5590	       150
   337	 0.1198438	 0.0010938	  141.3502	       152
   338	 0.1195313	 0.0010938	  139.4279	       151
   339	 0.1196875	 0.0007813	  145.2104	       139
   340	 0.1196875	 0.0009375	  142.7028	       145
   341	 0.1193750	 0.0012500	  136.4277	       156
   342	 0.1201563	 0.0003125	  157.9318	       116
   343	 0.1218750	 0.0009375	  122.3184	       130
   344	 0.1209375	 0.0009375	  142.1937	       144
   345	 0.1200000	 0.0009375	  144.8429	       147
   346	 0.1198438	 0.0007813	  146.2917	       139
   347	 0.1193750	 0.0010938	  138.5590	       150
   348	 0.1196875	 0.0009375	  142.7028	       145
   349	 0.1193750	 0.0012500	  136.4277	       156
   350	 0.1193750	 0.0012500	  136.4277	       156
   351	 0.1195313	 0.0009375	  141.7349	       145
   352	 0.1198438	 0.0006250	  149.0299	       132
   353	 0.1195313	 0.0009375	  141.7349	       145
   354	 0.1193750	 0.0010938	  138.5590	       150
   355	 0.1196875	 0.0007813	  145.2104	       139
   356	 0.1195313	 0.0010938	  139.4279	       151
   357	 0.1195313	 0.0009375	  141.7349	       145
   358	 0.1200000	 0.0006250	  150.2419	       132
   359	 0.1192188	 0.0014063	  133.6699	       160
   360	 0.1196875	 0.0009375	  142.7028	       145
   361	 0.1196875	 0.0009375	  142.7028	       145
   362	 0.1201563	 0.0004688	  154.6120	       125
   363	 0.1196875	 0.0009375	  142.7028	       145
   364	 0.1193750	 0.0010938	  130.0371	       144
   365	 0.1196875	 0.0010938	  140.3573	       151
   366	 0.1195313	 0.0010938	  139.4279	       151
   367	 0.1198438	 0.0007813	  146.2917	       139
   368	 0.1195313	 0.0010938	  139.4279	       151
   369	 0.1195313	 0.0009375	  136.9916	       141
   370	 0.1189063	 0.0015625	  130.4929	       164
   371	 0.1200000	 0.0006250	  150.2419	       132
   372	 0.1193750	 0.0010938	  134.0954	       147
   373	 0.1196875	 0.0009375	  142.7028	       145
   374	 0.1196875	 0.0009375	  142.7028	       145
   375	 0.1198438	 0.0007813	  146.2917	       139
   376	 0.1198438	 0.0006250	  149.0299	       132
   377	 0.1201563	 0.0006250	  151.5376	       133
   378	 0.1195313	 0.0010938	  134.8939	       147
   379	 0.1195313	 0.0009375	  141.7349	       145
   380	 0.1192188	 0.0012500	  135.6462	       155
   381	 0.1192188	 0.0012500	  135.6462	       155
   382	 0.1200000	 0.0006250	  150.2419	       132
   383	 0.1196875	 0.0009375	  142.7028	       145
   384	 0.1190625	 0.0014063	  132.9660	       160
   385	 0.1198438	 0.0007813	  146.2917	       139
   386	 0.1196875	 0.0006250	  142.5715	       129
   387	 0.1196875	 0.0007813	  145.2104	       139
   388	 0.1195313	 0.0009375	  141.7349	       145
   389	 0.1200000	 0.0009375	  139.8295	       143
   390	 0.1187500	 0.0017188	  110.1321	       149
   391	 0.1206250	 0.0009375	  150.0502	       150
   392	 0.1203125	 0.0009375	  133.0564	       138
   393	 0.1195313	 0.0010938	  139.4279	       151
   394	 0.1192188	 0.0012500	  135.6462	       155
   395	 0.1193750	 0.0010938	  138.5590	       150
   396	 0.1195313	 0.0010938	  139.4279	       151
   397	 0.1200000	 0.0003125	  144.7604	       113
   398	 0.1198438	 0.0007813	  146.2917	       139
   399	 0.1196875	 0.0009375	  142.7028	       145
   400	 0.1203125	 0.0003125	  159.4751	       117
   401	 0.1196875	 0.0007813	  145.2104	       139
   402	 0.1196875	 0.0006250	  142.5715	       129
   403	 0.1195313	 0.0010938	  139.4279	       151
   404	 0.1195313	 0.0009375	  141.7349	       145
   405	 0.1200000	 0.0006250	  150.2419	       132
   406	 0.1195313	 0.0010938	  139.4279	       151
   407	 0.1196875	 0.0007813	  135.5797	       133
   408	 0.1196875	 0.0009375	  142.7028	       145
   409	 0.1201563	 0.0004688	  154.6120	       125
   410	 0.1195313	 0.0012500	  137.2645	       156
   411	 0.1192188	 0.0012500	  135.6462	       155
   412	 0.1198438	 0.0009375	  143.7377	       146
   413	 0.1193750	 0.0010938	  134.0954	       147
   414	 0.1193750	 0.0009375	  140.8307	       144
   415	 0.1193750	 0.0012500	  132.1499	       152
   416	 0.1196875	 0.0009375	  142.7028	       145
   417	 0.1198438	 0.0006250	  149.0299	       132
   418	 0.1193750	 0.0010938	  138.5590	       150
   419	 0.1193750	 0.0010938	  138.5590	       150
   420	 0.1193750	 0.0010938	  138.5590	       150
   421	 0.1195313	 0.0009375	  141.7349	       145
   422	 0.1200000	 0.0006250	  150.2419	       132
   423	 0.1198438	 0.0006250	  149.0299	       132
   424	 0.1193750	 0.0010938	  138.5590	       150
   425	 0.1195313	 0.0009375	  141.7349	       145
   426	 0.1198438	 0.0007813	  146.2917	       139
   427	 0.1193750	 0.0009375	  140.8307	       144
   428	 0.1195313	 0.0010938	  139.4279	       151
   429	 0.1193750	 0.0012500	  136.4277	       156
   430	 0.1198438	 0.0007813	  146.2917	       139
   431	 0.1198438	 0.0007813	  146.2917	       139
   432	 0.1195313	 0.0010938	  139.4279	       151
   433	 0.1198438	 0.0007813	  146.2917	       139
   434	 0.1193750	 0.0010938	  138.5590	       150
   435	 0.1198438	 0.0009375	  143.7377	       146
   436	 0.1195313	 0.0010938	  139.4279	       151
   437	 0.1196875	 0.0009375	  142.7028	       145
   438	 0.1193750	 0.0009375	  140.8307	       144
   439	 0.1196875	 0.0009375	  142.7028	       145
   440	 0.1198438	 0.0007813	  146.2917	       139
   441	 0.1196875	 0.0009375	  142.7028	       145
   442	 0.1198438	 0.0007813	  146.2917	       139
   443	 0.1196875	 0.0007813	  140.1475	       136
   444	 0.1201563	 0.0006250	  151.5376	       133
   445	 0.1196875	 0.0009375	  142.7028	       145
   446	 0.1200000	 0.0004688	  153.2479	       125
   447	 0.1196875	 0.0009375	  142.7028	       145
   448	 0.1198438	 0.0006250	  149.0299	       132
   449	 0.1203125	 0.0004688	  156.0713	       125
   450	 0.1195313	 0.0012500	  132.9209	       153
   451	 0.1195313	 0.0010938	  139.4279	       151
   452	 0.1195313	 0.0009375	  141.7349	       145
   453	 0.1192188	 0.0012500	  135.6462	       155
   454	 0.1195313	 0.0010938	  139.4279	       151
   455	 0.1200000	 0.0006250	  150.2419	       132
   456	 0.1198438	 0.0007813	  146.2917	       139
   457	 0.1195313	 0.0009375	  141.7349	       145
   458	 0.1198438	 0.0007813	  146.2917	       139
   459	 0.1198438	 0.0009375	  143.7377	       146
   460	 0.1200000	 0.0006250	  150.2419	       132
   461	 0.1196875	 0.0009375	  142.7028	       145
   462	 0.1200000	 0.0006250	  150.2419	       132
   463	 0.1198438	 0.0006250	  149.0299	       132
   464	 0.1193750	 0.0010938	  138.5590	       150
   465	 0.1196875	 0.0009375	  142.7028	       145
   466	 0.1195313	 0.0010938	  139.4279	       151
   467	 0.1195313	 0.0010938	  139.4279	       151
   468	 0.1201563	 0.0004688	  154.6120	       125
   469	 0.1192188	 0.0012500	  135.6462	       155
   470	 0.1195313	 0.0010938	  139.4279	       151
   471	 0.1196875	 0.0007813	  140.1475	       136
   472	 0.1195313	 0.0007813	  139.2259	       135
   473	 0.1201563	 0.0004688	  154.6120	       125
   474	 0.1198438	 0.0007813	  146.2917	       139
   475	 0.1195313	 0.0010938	  139.4279	       151
   476	 0.1195313	 0.0010938	  139.4279	       151
   477	 0.1201563	 0.0004688	  154.6120	       125
   478	 0.1193750	 0.0010938	  138.5590	       150
   479	 0.1196875	 0.0007813	  145.2104	       139
   480	 0.1196875	 0.0009375	  142.7028	       145
   481	 0.1198438	 0.0007813	  146.2917	       139
   482	 0.1196875	 0.0009375	  142.7028	       145
   483	 0.1195313	 0.0010938	  139.4279	       151
   484	 0.1196875	 0.0009375	  142.7028	       145
   485	 0.1195313	 0.0010938	  139.4279	       151
   486	 0.1190625	 0.0014063	  132.9660	       160
   487	 0.1195313	 0.0010938	  139.4279	       151
   488	 0.1195313	 0.0007813	  144.1999	       138
   489	 0.1196875	 0.0007813	  145.2104	       139
   490	 0.1195313	 0.0009375	  141.7349	       145
   491	 0.1196875	 0.0007813	  140.1475	       136
   492	 0.1200000	 0.0006250	  150.2419	       132
   493	 0.1198438	 0.0007813	  146.2917	       139
   494	 0.1195313	 0.0009375	  141.7349	       145
   495	 0.1196875	 0.0007813	  140.1475	       136
   496	 0.1195313	 0.0010938	  139.4279	       151
   497	 0.1195313	 0.0010938	  139.4279	       151
   498	 0.1195313	 0.0009375	  141.7349	       145
   499	 0.1195313	 0.0010938	  139.4279	       151
   500	 0.1200000	 0.0004688	  153.2479	       125
   501	 0.1201563	 0.0004688	  154.6120	       125
   502	 0.1196875	 0.0006250	  142.5715	       129
   503	 0.1195313	 0.0010938	  139.4279	       151
   504	 0.1218750	 0.0003125	  116.7531	       108
   505	 0.1200000	 0.0006250	  150.2419	       132
   506	 0.1201563	 0.0007813	  148.6819	       140
   507	 0.1196875	 0.0009375	  142.7028	       145
   508	 0.1193750	 0.0007813	  138.3643	       135
   509	 0.1198438	 0.0007813	  146.2917	       139
   510	 0.1196875	 0.0007813	  140.1475	       136
   511	 0.1204688	 0.0010938	  128.3091	       141
   512	 0.0393750	 0.0006250	   45.9804	       128

SUMMARY RESULTS
 Bound	       TLR	    BIASED	         t	       dof
   LOW	 0.1223741	 0.0009141	 2503.0543	     39749
  HIGH	 0.1196991	 0.0009026	 2275.3419	     36914
  POW2	 0.0348750	 0.0010000	   67.7135	      1436
   ALL	 0.1193329	 0.0009100	 1842.9244	     58781

Interpreting Above Results:
1) Negative t value implies Java library's nextInt method was faster.
2) Positive t value implies rho-mu's nextBiasedInt method was faster.
3) Greater absolute value of t value implies more significant time difference.
4) You can use a table from any statistics book to map t value to p value,
   and the dof column in results provides the degrees of freedom for the test
   needed to do so.
5) LOW are the results for bounds that are less than 256 and not powers of 2.
6) HIGH are the results for bounds that are greater than 256 and not powers of 2.
7) POW2 are the results for bounds that are powers of 2.
8) ALL are all of the results for all bounds tested.

For Low bounds, rho-mu's nextBiasedInt spends 99.25% LESS TIME THAN the Java API's built in nextInt.
For high bounds, rho-mu's nextBiasedInt spends 99.25% LESS TIME THAN the Java API's built in nextInt.
For powers-of-2 bounds, rho-mu's nextBiasedInt spends 97.13% LESS TIME THAN the Java API's built in nextInt.
Overall, rho-mu's nextBiasedInt spends 99.24% LESS TIME THAN the Java API's built in nextInt.
